1756925330947 0.00040697674418604653 0
1756925376501 0.0007828730620155039 1
1756925431586 0.0011175193798449612 2
1756925469458 0.001064375 3
1756925505321 0.0010025000000000001 4
1756925543464 0.000940625 5
1756925579960 0.00087875 6
1756925619340 0.000816875 7
1756925656582 0.000755 8
1756925696448 0.0006931250000000001 9
1756925736190 0.00063125 10
1756925776241 0.000569375 11
1756925813188 0.0005075 12
1756925848470 0.000445625 13
1756925884056 0.0003837500000000001 14
1756925919633 0.000321875 15
1756925955002 0.00026 16
1756925995135 0.00019812500000000003 17
1756926032844 0.00013624999999999998 18
1756926070046 7.437500000000006e-05 19
