1756930349263 0.81894 0
1756930421761 0.70418 1
1756930485874 0.72626 2
1756930550413 0.69368 3
1756930616888 0.73998 4
1756930681222 0.74234 5
1756930744461 0.7258 6
1756930807830 0.72211 7
1756930870465 0.71484 8
1756930933866 0.71093 9
1756930995546 0.67089 10
1756931058502 0.66118 11
1756931121385 0.65984 12
1756931186959 0.66312 13
1756931253247 0.66474 14
1756931318438 0.63013 15
1756931384027 0.62875 16
1756931450435 0.67701 17
1756931515141 0.61999 18
1756931579917 0.60641 19
1756931645281 0.60078 20
1756931710540 0.59201 21
1756931777730 0.61019 22
1756931843009 0.56839 23
1756931907865 0.58216 24
1756931973287 0.55428 25
1756932040689 0.58213 26
1756932107083 0.59589 27
1756932172568 0.55522 28
1756932235920 0.58089 29
1756932299651 0.57801 30
1756932364670 0.55334 31
1756932441475 0.52465 32
1756932513802 0.52591 33
1756932584087 0.53256 34
1756932654561 0.51195 35
1756932726695 0.51565 36
1756932792272 0.51218 37
1756932862249 0.48758 38
1756932929978 0.5385 39
1756933001649 0.41592 40
1756933065128 0.39347 41
1756933133604 0.36485 42
1756933198723 0.37641 43
1756933264134 0.35909 44
1756933329380 0.35027 45
1756933394095 0.33968 46
1756933459037 0.33546 47
1756933522563 0.32392 48
1756933586595 0.3313 49
