1756930349263 2.08794 0
1756930421761 1.041 1
1756930485874 0.97822 2
1756930550413 0.92902 3
1756930616888 0.89322 4
1756930681222 0.82783 5
1756930744461 0.79668 6
1756930807830 0.75449 7
1756930870465 0.70289 8
1756930933866 0.71833 9
1756930995546 0.71951 10
1756931058502 0.62123 11
1756931121385 0.61898 12
1756931186959 0.59024 13
1756931253247 0.60521 14
1756931318438 0.57138 15
1756931384027 0.55674 16
1756931450435 0.55915 17
1756931515141 0.52976 18
1756931579917 0.54002 19
1756931645281 0.49133 20
1756931710540 0.47769 21
1756931777730 0.49406 22
1756931843009 0.44896 23
1756931907865 0.43011 24
1756931973287 0.42502 25
1756932040689 0.44763 26
1756932107083 0.47576 27
1756932172568 0.43568 28
1756932235920 0.44269 29
1756932299651 0.433 30
1756932364670 0.41786 31
1756932441475 0.41757 32
1756932513802 0.39253 33
1756932584087 0.38665 34
1756932654561 0.38807 35
1756932726695 0.38614 36
1756932792272 0.39666 37
1756932862249 0.37759 38
1756932929978 0.3808 39
1756933001649 0.48309 40
1756933065128 0.42624 41
1756933133604 0.36996 42
1756933198723 0.36019 43
1756933264134 0.34384 44
1756933329380 0.35539 45
1756933394095 0.33342 46
1756933459037 0.31856 47
1756933522563 0.30729 48
1756933586595 0.30316 49
