1756930349263 1.38188 0
1756930421761 1.23914 1
1756930485874 1.26189 2
1756930550413 1.21951 3
1756930616888 1.23538 4
1756930681222 1.24838 5
1756930744461 1.21565 6
1756930807830 1.21765 7
1756930870465 1.20843 8
1756930933866 1.21572 9
1756930995546 1.18688 10
1756931058502 1.18467 11
1756931121385 1.19074 12
1756931186959 1.16662 13
1756931253247 1.15663 14
1756931318438 1.15628 15
1756931384027 1.16125 16
1756931450435 1.18352 17
1756931515141 1.15448 18
1756931579917 1.14466 19
1756931645281 1.13549 20
1756931710540 1.10697 21
1756931777730 1.15115 22
1756931843009 1.12956 23
1756931907865 1.10164 24
1756931973287 1.11432 25
1756932040689 1.12124 26
1756932107083 1.13079 27
1756932172568 1.09651 28
1756932235920 1.11041 29
1756932299651 1.13441 30
1756932364670 1.09968 31
1756932441475 1.07094 32
1756932513802 1.1105 33
1756932584087 1.09468 34
1756932654561 1.07801 35
1756932726695 1.0613 36
1756932792272 1.07247 37
1756932862249 1.06272 38
1756932929978 1.09904 39
1756933001649 1.06385 40
1756933065128 1.04035 41
1756933133604 1.011 42
1756933198723 1.00905 43
1756933264134 0.99929 44
1756933329380 0.98771 45
1756933394095 0.98968 46
1756933459037 0.98566 47
1756933522563 0.95773 48
1756933586595 0.96347 49
