1756925341181 0.47529 0
1756925385413 0.4981 1
1756925439556 0.54373 2
1756925477152 0.51331 3
1756925512798 0.56654 4
1756925551334 0.47909 5
1756925587738 0.58935 6
1756925627149 0.48669 7
1756925664424 0.55133 8
1756925705510 0.51331 9
1756925745541 0.52852 10
1756925783745 0.4943 11
1756925820736 0.50951 12
1756925856050 0.4981 13
1756925891775 0.55133 14
1756925927037 0.51711 15
1756925963805 0.55133 16
1756926003025 0.5019 17
1756926040750 0.53232 18
1756926078271 0.53612 19
1756926087578 0.589353621006012 19
