1756930349263 0.00024000000000000003 0
1756930421761 0.0004901 1
1756930485874 0.000729904 2
1756930550413 0.000959412 3
1756930616888 0.001178624 4
1756930681222 0.00138754 5
1756930744461 0.0015861599999999999 6
1756930807830 0.0017228 7
1756930870465 0.0016832000000000001 8
1756930933866 0.0016436000000000003 9
1756930995546 0.0016040000000000002 10
1756931058502 0.0015644 11
1756931121385 0.0015248 12
1756931186959 0.0014852 13
1756931253247 0.0014456 14
1756931318438 0.001406 15
1756931384027 0.0013663999999999998 16
1756931450435 0.0013267999999999997 17
1756931515141 0.0012872 18
1756931579917 0.0012476 19
1756931645281 0.001208 20
1756931710540 0.0011684000000000002 21
1756931777730 0.0011288000000000001 22
1756931843009 0.0010892000000000002 23
1756931907865 0.0010496000000000001 24
1756931973287 0.00101 25
1756932040689 0.0009704 26
1756932107083 0.0009308 27
1756932172568 0.0008911999999999999 28
1756932235920 0.0008516000000000001 29
1756932299651 0.0008120000000000001 30
1756932364670 0.0007724 31
1756932441475 0.0007328 32
1756932513802 0.0006931999999999999 33
1756932584087 0.0006536 34
1756932654561 0.0006140000000000001 35
1756932726695 0.0005744000000000001 36
1756932792272 0.0005348000000000001 37
1756932862249 0.0004952 38
1756932929978 0.00045559999999999996 39
1756933001649 0.0004159999999999999 40
1756933065128 0.00037640000000000015 41
1756933133604 0.0003368000000000001 42
1756933198723 0.0002972 43
1756933264134 0.00025760000000000003 44
1756933329380 0.00021799999999999996 45
1756933394095 0.00017839999999999992 46
1756933459037 0.0001388000000000001 47
1756933522563 9.920000000000008e-05 48
1756933586595 5.9600000000000046e-05 49
