1756926872410 1.0 0
1756926880798 1.0 1
1756926889720 1.0 2
1756926899121 1.0 3
1756926909116 1.0 4
1756926917808 1.0 5
1756926925636 1.0 6
1756926934213 1.0 7
1756926942791 1.0 8
1756926950950 1.0 9
1756926958894 1.0 10
1756926966712 1.0 11
1756926974678 1.0 12
1756926982524 1.0 13
1756926990451 1.0 14
1756926998328 1.0 15
1756927006427 1.0 16
1756927014344 1.0 17
1756927022189 1.0 18
1756927029973 1.0 19
1756927039898 1.0 20
1756927050375 1.0 21
1756927059793 1.0 22
1756927068334 1.0 23
1756927075995 1.0 24
1756927083761 1.0 25
1756927091531 1.0 26
1756927099451 1.0 27
1756927107278 1.0 28
1756927114998 1.0 29
1756927117115 1.0 29
