1756930360507 0.69426 0
1756930431510 0.71246 1
1756930495737 0.7078 2
1756930562166 0.73355 3
1756930626999 0.79574 4
1756930690813 0.63002 5
1756930754063 0.64011 6
1756930817292 0.64828 7
1756930880927 0.67033 8
1756930943266 0.83055 9
1756931004900 0.70627 10
1756931067996 0.8503 11
1756931130737 0.8403 12
1756931197261 0.85382 13
1756931262815 0.84392 14
1756931328104 0.85205 15
1756931393774 0.83109 16
1756931460083 0.82447 17
1756931524789 0.84131 18
1756931589545 0.83758 19
1756931654975 0.86211 20
1756931720540 0.83393 21
1756931787675 0.8497 22
1756931852679 0.86643 23
1756931917607 0.8531 24
1756931983226 0.8624 25
1756932050256 0.88987 26
1756932116869 0.89291 27
1756932181944 0.89451 28
1756932245267 0.90502 29
1756932309051 0.89263 30
1756932374351 0.89539 31
1756932453886 0.89359 32
1756932524258 0.87921 33
1756932594304 0.8902 34
1756932665482 0.91161 35
1756932736666 0.90947 36
1756932802484 0.92145 37
1756932872239 0.91951 38
1756932941457 0.92095 39
1756933010773 0.91446 40
1756933075501 0.92516 41
1756933143237 0.93796 42
1756933208342 0.93656 43
1756933273576 0.93629 44
1756933338795 0.94089 45
1756933403682 0.94502 46
1756933468346 0.94092 47
1756933532082 0.95358 48
1756933595901 0.95345 49
1756933605722 0.9535846487167843 49
