1756930360507 0.98785 0
1756930431510 0.92988 1
1756930495737 0.96559 2
1756930562166 0.99463 3
1756930626999 0.98401 4
1756930690813 0.92815 5
1756930754063 0.95336 6
1756930817292 0.91738 7
1756930880927 0.94592 8
1756930943266 0.99472 9
1756931004900 0.99491 10
1756931067996 0.995 11
1756931130737 0.995 12
1756931197261 0.99179 13
1756931262815 0.99041 14
1756931328104 0.99491 15
1756931393774 0.99416 16
1756931460083 0.995 17
1756931524789 0.99472 18
1756931589545 0.99398 19
1756931654975 0.995 20
1756931720540 0.995 21
1756931787675 0.995 22
1756931852679 0.995 23
1756931917607 0.995 24
1756931983226 0.995 25
1756932050256 0.995 26
1756932116869 0.995 27
1756932181944 0.995 28
1756932245267 0.995 29
1756932309051 0.995 30
1756932374351 0.995 31
1756932453886 0.99464 32
1756932524258 0.99491 33
1756932594304 0.995 34
1756932665482 0.995 35
1756932736666 0.995 36
1756932802484 0.995 37
1756932872239 0.995 38
1756932941457 0.995 39
1756933010773 0.995 40
1756933075501 0.995 41
1756933143237 0.995 42
1756933208342 0.995 43
1756933273576 0.995 44
1756933338795 0.995 45
1756933403682 0.995 46
1756933468346 0.995 47
1756933532082 0.995 48
1756933595901 0.995 49
1756933605722 0.995 49
