1756930360507 0.00333 0
1756930431510 0.88507 1
1756930495737 0.9097 2
1756930562166 0.99062 3
1756930626999 0.97421 4
1756930690813 0.8561 5
1756930754063 0.89614 6
1756930817292 0.86174 7
1756930880927 0.85718 8
1756930943266 0.98188 9
1756931004900 0.9765 10
1756931067996 0.99529 11
1756931130737 0.99834 12
1756931197261 0.9791 13
1756931262815 0.97601 14
1756931328104 0.9816 15
1756931393774 0.95265 16
1756931460083 1.0 17
1756931524789 0.99011 18
1756931589545 0.98908 19
1756931654975 0.98983 20
1756931720540 0.9902 21
1756931787675 1.0 22
1756931852679 1.0 23
1756931917607 0.99849 24
1756931983226 0.99918 25
1756932050256 0.99879 26
1756932116869 0.99828 27
1756932181944 0.99885 28
1756932245267 0.99938 29
1756932309051 0.99939 30
1756932374351 0.99904 31
1756932453886 0.99565 32
1756932524258 0.99071 33
1756932594304 0.99941 34
1756932665482 0.99942 35
1756932736666 0.99936 36
1756932802484 0.99924 37
1756932872239 0.99591 38
1756932941457 0.9993 39
1756933010773 0.99943 40
1756933075501 0.99939 41
1756933143237 0.99943 42
1756933208342 0.99947 43
1756933273576 0.99946 44
1756933338795 0.9995 45
1756933403682 0.99951 46
1756933468346 0.99948 47
1756933532082 0.99945 48
1756933595901 0.99945 49
1756933605722 0.9994542131988255 49
