1756930360507 1.0 0
1756930431510 0.86367 1
1756930495737 0.94149 2
1756930562166 0.98668 3
1756930626999 0.96262 4
1756930690813 0.98131 5
1756930754063 0.84112 6
1756930817292 0.93458 7
1756930880927 0.90654 8
1756930943266 0.99065 9
1756931004900 0.99065 10
1756931067996 1.0 11
1756931130737 1.0 12
1756931197261 1.0 13
1756931262815 1.0 14
1756931328104 0.99698 15
1756931393774 1.0 16
1756931460083 0.99858 17
1756931524789 0.98131 18
1756931589545 1.0 19
1756931654975 1.0 20
1756931720540 1.0 21
1756931787675 0.99666 22
1756931852679 0.99923 23
1756931917607 1.0 24
1756931983226 1.0 25
1756932050256 1.0 26
1756932116869 1.0 27
1756932181944 1.0 28
1756932245267 1.0 29
1756932309051 1.0 30
1756932374351 1.0 31
1756932453886 0.98131 32
1756932524258 0.99686 33
1756932594304 1.0 34
1756932665482 1.0 35
1756932736666 1.0 36
1756932802484 1.0 37
1756932872239 1.0 38
1756932941457 1.0 39
1756933010773 1.0 40
1756933075501 1.0 41
1756933143237 1.0 42
1756933208342 1.0 43
1756933273576 1.0 44
1756933338795 1.0 45
1756933403682 1.0 46
1756933468346 1.0 47
1756933532082 1.0 48
1756933595901 1.0 49
1756933605722 1.0 49
