1756927514733 1.0 0
1756927522051 1.0 1
1756927529048 1.0 2
1756927536084 1.0 3
1756927543029 1.0 4
1756927549935 1.0 5
1756927557932 1.0 6
1756927566080 1.0 7
1756927574314 1.0 8
1756927582015 1.0 9
1756927589586 1.0 10
1756927597151 1.0 11
1756927604911 1.0 12
1756927612567 1.0 13
1756927620276 1.0 14
1756927627942 1.0 15
1756927635544 1.0 16
1756927643648 1.0 17
1756927651522 1.0 18
1756927659119 1.0 19
1756927666882 1.0 20
1756927674558 1.0 21
1756927682233 1.0 22
1756927689926 1.0 23
1756927697785 1.0 24
1756927705559 1.0 25
1756927713510 1.0 26
1756927722249 1.0 27
1756927730598 1.0 28
1756927739472 1.0 29
1756927741832 1.0 29
