1756927514733 0.7907 0
1756927522051 0.7907 1
1756927529048 0.93023 2
1756927536084 0.95349 3
1756927543029 0.95349 4
1756927549935 1.0 5
1756927557932 0.95349 6
1756927566080 0.95349 7
1756927574314 0.97674 8
1756927582015 0.95349 9
1756927589586 1.0 10
1756927597151 1.0 11
1756927604911 1.0 12
1756927612567 0.95349 13
1756927620276 0.93023 14
1756927627942 0.95349 15
1756927635544 0.95349 16
1756927643648 0.95349 17
1756927651522 0.95349 18
1756927659119 0.95349 19
1756927666882 0.95349 20
1756927674558 0.95349 21
1756927682233 0.95349 22
1756927689926 0.95349 23
1756927697785 0.95349 24
1756927705559 0.95349 25
1756927713510 0.95349 26
1756927722249 0.95349 27
1756927730598 0.97674 28
1756927739472 0.97674 29
1756927741832 1.0 29
