1756927513424 0.56737 0
1756927520834 0.41829 1
1756927527954 0.29904 2
1756927534949 0.23068 3
1756927541863 0.14587 4
1756927548806 0.13089 5
1756927556671 0.08015 6
1756927564781 0.04854 7
1756927573098 0.04417 8
1756927580800 0.17954 9
1756927588365 0.07171 10
1756927595929 0.14264 11
1756927603504 0.06505 12
1756927611360 0.04977 13
1756927619064 0.09824 14
1756927626720 0.05162 15
1756927634294 0.02316 16
1756927642427 0.05824 17
1756927650275 0.06992 18
1756927657871 0.04266 19
1756927665607 0.01705 20
1756927673260 0.02695 21
1756927681030 0.0212 22
1756927688680 0.02262 23
1756927696553 0.03721 24
1756927704263 0.02854 25
1756927712167 0.00913 26
1756927720757 0.0174 27
1756927729218 0.05112 28
1756927738222 0.023 29
