1756926870936 0.0 0
1756926879484 0.0 1
1756926888381 0.0 2
1756926897613 0.0 3
1756926907539 0.0 4
1756926916600 0.0 5
1756926924347 0.0 6
1756926932981 0.0 7
1756926941459 0.0 8
1756926949575 0.0 9
1756926957664 0.0 10
1756926965480 0.0 11
1756926973373 0.0 12
1756926981312 0.0 13
1756926989213 0.0 14
1756926997118 0.0 15
1756927005083 0.0 16
1756927013124 0.0 17
1756927020938 0.0 18
1756927028671 0.0 19
1756927038597 0.0 20
1756927048968 0.0 21
1756927058173 0.0 22
1756927067121 0.0 23
1756927074793 0.0 24
1756927082549 0.0 25
1756927090319 0.0 26
1756927098250 0.0 27
1756927106025 0.0 28
1756927113802 0.0 29
