1756927513424 0.0001667 0
1756927520834 0.00033851769 1
1756927527954 0.00049823296 2
1756927534949 0.00064584581 3
1756927541863 0.0007813562400000001 4
1756927548806 0.00090476425 5
1756927556671 0.0010160698400000002 6
1756927564781 0.00111527301 7
1756927573098 0.0012023737600000003 8
1756927580800 0.001171901 9
1756927588365 0.0011168900000000002 10
1756927595929 0.0010618790000000002 11
1756927603504 0.001006868 12
1756927611360 0.000951857 13
1756927619064 0.0008968460000000001 14
1756927626720 0.0008418350000000001 15
1756927634294 0.0007868240000000001 16
1756927642427 0.000731813 17
1756927650275 0.0006768020000000001 18
1756927657871 0.0006217910000000001 19
1756927665607 0.00056678 20
1756927673260 0.0005117690000000001 21
1756927681030 0.00045675800000000014 22
1756927688680 0.00040174699999999993 23
1756927696553 0.00034673599999999994 24
1756927704263 0.00029172499999999995 25
1756927712167 0.00023671399999999998 26
1756927720757 0.00018170299999999996 27
1756927729218 0.00012669199999999997 28
1756927738222 7.1681e-05 29
