1756926870936 0.0002 0
1756926879484 0.00040614000000000004 1
1756926888381 0.00059776 2
1756926897613 0.00077486 3
1756926907539 0.00093744 4
1756926916600 0.0010855 5
1756926924347 0.0012190400000000002 6
1756926932981 0.0013380599999999999 7
1756926941459 0.00144256 8
1756926949575 0.001406 9
1756926957664 0.00134 10
1756926965480 0.001274 11
1756926973373 0.001208 12
1756926981312 0.001142 13
1756926989213 0.0010760000000000001 14
1756926997118 0.00101 15
1756927005083 0.0009440000000000001 16
1756927013124 0.000878 17
1756927020938 0.0008120000000000001 18
1756927028671 0.0007460000000000001 19
1756927038597 0.00068 20
1756927048968 0.0006140000000000001 21
1756927058173 0.0005480000000000002 22
1756927067121 0.00048199999999999995 23
1756927074793 0.0004159999999999999 24
1756927082549 0.00034999999999999994 25
1756927090319 0.00028399999999999996 26
1756927098250 0.00021799999999999996 27
1756927106025 0.00015199999999999998 28
1756927113802 8.599999999999999e-05 29
